Voltage,Current
-6.099815,0.001645967
-6.019271,0.001757354
-5.93869992,0.00155164956
-5.85811808,0.0014883638
-5.77752,0.001395269
-5.69691676,0.00134004768
-5.61631228,0.00128809328
-5.53571396,0.00124532516
-5.45517016,0.00120076648
-5.37467056,0.001153858188
-5.29421036,0.001106173848
-5.213787,0.001058029984
-5.13339296,0.001009803292
-5.05300112,0.00096178166
-4.97259928,0.00091431256
-4.89218532,0.000867098564
-4.81175376,0.00082028926
-4.73129272,0.000773949628
-4.65079976,0.0007283026
-4.57030152,0.00068336248
-4.48979436,0.00063943028
-4.40925928,0.000596594216
-4.32871628,0.000554955016
-4.24816072,0.00051450314
-4.16757412,0.000475487736
-4.08696068,0.000437889724
-4.00635608,0.000401836064
-3.92575248,0.000367378612
-3.84515996,0.000334584132
-3.7645848,0.000303373344
-3.6839984,0.000273815396
-3.60338736,0.00024591386
-3.52275148,0.00021979808
-3.4420842,0.000195496068
-3.36138484,0.0001730924692
-3.28071128,0.000152612314
-3.200061,0.0001341384548
-3.119437,0.0001175683696
-3.03884948,0.000102838278
-2.95830596,8.98E-05
-2.87778432,7.83E-05
-2.79728052,6.81E-05
-2.71679656,5.89E-05
-2.63632508,5.07E-05
-2.55584532,4.33E-05
-2.475351,3.64E-05
-2.39486292,2.99E-05
-2.31437804,2.37E-05
-2.2338828,1.76E-05
-2.15340356,1.15E-05
-2.07294064,5.37E-06
-1.99247568,-1.06E-06
-1.9120066,-7.80E-06
-1.83156152,-1.49E-05
-1.7511258,-2.26E-05
-1.6706904,-3.08E-05
-1.59025212,-3.96E-05
-1.50980584,-4.91E-05
-1.42930156,-5.93E-05
-1.348736116,-7.02E-05
-1.268118776,-8.18E-05
-1.187456244,-9.41E-05
-1.106754252,-0.0001070809264
-1.026078644,-0.0001206928412
-0.945433624,-0.0001351082292
-0.8648189,-0.0001504355624
-0.784233784,-0.000166254636
-0.703678044,-0.00018281698
-0.623105684,-0.000200248356
-0.542516924,-0.000218460548
-0.4619114572,-0.000237135872
-0.3812934012,-0.000256863816
-0.3006635212,-0.000277237876
-0.2200511892,-0.00029806672
-0.1394441972,-0.000319886792
-0.0588405628,-0.00034175574
0.0217662012,-0.00036352932
0.1023764012,-0.000386373396
0.1830035372,-0.00041255116
0.2636184692,-0.000441168544
0.344218376,-0.000471004248
0.42480058,-0.000501813888
0.50536546,-0.000533680916
0.585913192,-0.000567133428
0.666463588,-0.000598826408
0.747045504,-0.000633363124
0.827659768,-0.000670578476
0.908304716,-0.000711349844
0.988976708,-0.000748684408
1.069665204,-0.000790351636
1.150308416,-0.000840177556
1.23089808,-0.000900877168
1.31143036,-0.000964427084
1.3919044,-0.00103340938
1.47232704,-0.001103832896
1.5527328,-0.001165651284
1.63312648,-0.001215184536
1.71351152,-0.00126025814
1.79392084,-0.00130988076
1.87435632,-0.00136335628
1.95481396,-0.00142119128
2.03530056,-0.00148276468
2.1158212,-0.0015461298
2.19631732,-0.00160878264
2.2767866,-0.0016775622
2.35723964,-0.00175817328
2.43767784,-0.0018525566
2.51811676,-0.00196735752
2.59859504,-0.0020914186
2.67912188,-0.00221408612
2.75969092,-0.0023347706
2.84029644,-0.00245680456
2.92092,-0.00256953304
3.001553,-0.00267475612
3.08218272,-0.00276977668
3.16282416,-0.00285564852
3.24347712,-0.00292818976
3.32412604,-0.00299197148
3.40477256,-0.00305220612
3.48542476,-0.00312225764
3.56605136,-0.00319470644
3.6466536,-0.00327468332
3.727247,-0.00336495956
3.8078234,-0.00346734184
3.88837336,-0.00357969332
3.9689324,-0.00371119132
4.04949384,-0.00385281944
4.13005096,-0.00400373668
4.21060888,-0.00415995632
4.29117184,-0.0043143088
4.37169356,-0.00446033272
4.45217652,-0.00460342824
4.532626,-0.00473811416
4.61304284,-0.00486999328
4.69342948,-0.00500307584
4.77381236,-0.00514020556
4.85419796,-0.00528277896
4.93458688,-0.00543527888
5.01497992,-0.00558937088
5.095403,-0.00574331716
5.17586252,-0.00589629996
5.25636112,-0.00604595504
5.33690564,-0.00618897884
5.41750408,-0.00633172544
5.49810808,-0.0064799476
5.57871024,-0.0066350162
5.65930732,-0.00680258864
5.73988524,-0.0069789978
5.820456,-0.007173225
5.900988,-0.007352069
